id,nombre,infectados,recuperados,muertos
1,Poland,1977085,966544,49483
2,Philippines,1964382,975501,49764
3,Albania,1971298,978851,49283
4,Canada,1968878,968666,49011
5,China,1973995,952780,49751
6,Mongolia,1979388,969526,49264
7,Sweden,1964771,950523,49171
9,Brazil,1990474,980312,49068
12,France,1988140,961175,49901
13,Czech Republic,1965051,969516,49324
14,Russia,1968924,950050,49999
17,Indonesia,1987388,980852,49556
18,Dominica,1976589,969338,49261
20,Uganda,1991407,952843,49769
23,Egypt,1990699,975101,49551
24,Poland,1990090,962505,49641
29,Nigeria,1967916,951806,49090
30,Barbados,1977199,971395,49267
32,Portugal,1985775,976203,49516
35,Colombia,1975139,979611,49238
36,Greece,1966382,959669,49909
41,Peru,1987569,971797,49496
43,Yemen,1967832,979926,49831
44,Marshall Islands,1966682,972597,49938
46,Serbia,1984418,978827,49690
47,Norway,1983460,956684,49874
48,Argentina,1979376,981981,49026
53,Jordan,1976226,971395,49683
54,Netherlands,1985327,963149,49590
55,Belize,1963790,978110,49231
56,Thailand,1976361,981951,49126
57,United Kingdom,1976267,980978,49019
59,Uruguay,1960452,963705,49430
60,Ecuador,1983272,962052,49720
63,Hungary,1990121,957932,49973
65,New Zealand,1988668,982151,49539
67,Paraguay,1988225,963912,49670
68,Ireland,1971127,969207,49048
70,Bolivia,1963475,956168,49825
71,Dominican Republic,1991858,972862,49446
72,Iran,1975073,964345,49769
73,Afghanistan,1980460,973548,49471
76,Myanmar,1984983,962913,49628
81,Nigeria,1989881,958885,49825
84,Japan,1974186,959839,49452
86,Senegal,1974335,960433,49336
88,Mexico,1990523,962963,49218
89,Poland,1980136,950200,49105
91,Chile,1962904,959405,49944
97,Spain,1974920,950024,49759
98,Guatemala,1983851,950393,49372
